id,name,username
df2b0d31-3db6-4ba3-a72e-b8d2b36d593d,Carlos Nuevo,vDxbs
